+0.00095048337 +0.00086115559 +0.00076822929 +0.00067139737 +0.00057032189 +0.00046461266 +0.00035382373 +0.00023743786 +0.00093372326 +0.00091131333 +0.00088169768 +0.00084279034 +0.00079172189 +0.00072447152 +0.00063523124  
+0.00086115559 +0.00078515556 +0.00070607957 +0.00062368504 +0.00053767967 +0.00044773144 +0.00035346098 +0.00025442805 +0.00085206316 +0.00083894582 +0.00082066442 +0.00079568390 +0.00076188560 +0.00071629634 +0.00065461116  
+0.00076822929 +0.00070607957 +0.00064142818 +0.00057404882 +0.00050372187 +0.00043017086 +0.00035308565 +0.00027210610 +0.00076710907 +0.00076365966 +0.00075717032 +0.00074667912 +0.00073084851 +0.00070779522 +0.00067477803  
+0.00067139737 +0.00062368504 +0.00057404882 +0.00052233064 +0.00046833577 +0.00041187082 +0.00035269283 +0.00029052511 +0.00067858404 +0.00068520846 +0.00069100626 +0.00069561272 +0.00069850419 +0.00069893308 +0.00069578757  
+0.00057032189 +0.00053767967 +0.00050372187 +0.00046833577 +0.00043140396 +0.00039276887 +0.00035228288 +0.00030975141 +0.00058617957 +0.00060331939 +0.00062194289 +0.00064230877 +0.00066474294 +0.00068968328 +0.00071771878  
+0.00046461266 +0.00044773144 +0.00043017086 +0.00041187082 +0.00039276887 +0.00037279630 +0.00035185424 +0.00032985927 +0.00048953884 +0.00051767609 +0.00054971326 +0.00058656101 +0.00062943376 +0.00068000920 +0.00074065513  
+0.00035382373 +0.00035346098 +0.00035308565 +0.00035269283 +0.00035228288 +0.00035185424 +0.00035141065 +0.00035093414 +0.00038825440 +0.00042791779 +0.00047401349 +0.00052813546 +0.00059242935 +0.00066987229 +0.00076469633  
+0.00023743786 +0.00025442805 +0.00027210610 +0.00029052511 +0.00030975141 +0.00032985927 +0.00035093414 +0.00037307838 +0.00028185308 +0.00033362480 +0.00039448913 +0.00046675785 +0.00055355489 +0.00065922240 +0.00078995092  
+0.00093372326 +0.00085206316 +0.00076710907 +0.00067858404 +0.00058617957 +0.00048953884 +0.00038825440 +0.00028185308 +0.00093183118 +0.00092700129 +0.00091836176 +0.00090470689 +0.00088436880 +0.00085499959 +0.00081318331  
+0.00091131333 +0.00083894582 +0.00076365966 +0.00068520846 +0.00060331939 +0.00051767609 +0.00042791779 +0.00033362480 +0.00092700129 +0.00094300108 +0.00095919909 +0.00097546032 +0.00099153820 +0.00100707070 +0.00102148152  
+0.00088169768 +0.00082066442 +0.00075717032 +0.00069100626 +0.00062194289 +0.00054971326 +0.00047401349 +0.00039448913 +0.00091836176 +0.00095919909 +0.00100505872 +0.00105703236 +0.00111659949 +0.00118576848 +0.00126735992  
+0.00084279034 +0.00079568390 +0.00074667912 +0.00069561272 +0.00064230877 +0.00058656101 +0.00052813546 +0.00046675785 +0.00090470689 +0.00097546032 +0.00105703236 +0.00115205144 +0.00126402614 +0.00139785199 +0.00156044486  
+0.00079172189 +0.00076188560 +0.00073084851 +0.00069850419 +0.00066474294 +0.00062943376 +0.00059242935 +0.00055355489 +0.00088436880 +0.00099153820 +0.00111659949 +0.00126402614 +0.00143985862 +0.00165246003 +0.00191376844  
+0.00072447152 +0.00071629634 +0.00070779522 +0.00069893308 +0.00068968328 +0.00068000920 +0.00066987229 +0.00065922240 +0.00085499959 +0.00100707070 +0.00118576848 +0.00139785199 +0.00165246003 +0.00196229709 +0.00234545168  
+0.00063523124 +0.00065461116 +0.00067477803 +0.00069578757 +0.00071771878 +0.00074065513 +0.00076469633 +0.00078995092 +0.00081318331 +0.00102148152 +0.00126735992 +0.00156044486 +0.00191376844 +0.00234545168 +0.00288135740
